11/03/1996
04
05
30
33
41
52
18/03/1996
09
37
39
41
43
49
25/03/1996
10
11
29
30
36
47
01/04/1996
01
05
06
27
42
59
08/04/1996
01
02
06
16
19
46
15/04/1996
07
13
19
22
40
47
22/04/1996
03
05
20
21
38
56
29/04/1996
04
17
37
38
47
53
06/05/1996
08
43
54
55
56
60
13/05/1996
04
18
21
25
38
57
20/05/1996
15
25
37
38
58
59
25/05/1996
04
16
19
20
27
43
03/06/1996
18
32
47
50
54
56
10/06/1996
02
16
23
27
47
53
17/06/1996
12
33
35
51
52
60
24/06/1996
20
32
34
49
58
60
01/06/1996
06
10
13
19
20
51
08/07/1996
23
27
36
37
42
56
15/07/1996
05
10
12
24
25
60
22/07/1996
11
25
28
30
33
51
29/07/1996
06
33
36
46
49
53
05/08/1996
01
09
31
38
46
56
12/08/1996
17
37
39
51
52
59
19/08/1996
01
08
14
28
33
43
25/08/1996
24
43
50
54
55
56
01/09/1996
10
22
50
53
57
58
08/09/1996
13
17
20
33
44
51
15/09/1996
03
06
22
24
54
60
22/09/1996
03
08
14
43
56
58
29/09/1996
07
14
15
29
38
50
06/10/1996
17
19
28
45
48
56
13/10/1996
05
14
33
36
43
44
20/10/1996
05
17
33
39
42
49
27/10/1996
13
15
17
40
53
57
03/11/1996
04
16
21
23
54
57
10/11/1996
03
13
17
25
29
51
17/11/1996
06
07
22
38
52
60
24/11/1996
10
42
43
45
54
55
01/12/1996
12
16
37
45
52
56
08/12/1996
03
05
08
12
46
47
15/12/1996
12
26
35
38
39
47
22/12/1996
07
11
19
24
33
36
29/12/1996
02
06
17
25
26
58
05/01/1997
14
18
29
38
44
47
12/01/1997
07
30
37
44
53
55
19/01/1997
01
23
24
32
46
60
26/01/1997
03
17
25
35
48
56
02/02/1997
02
05
28
34
47
50
09/02/1997
07
13
33
35
43
55
16/02/1997
06
16
21
44
57
58
23/02/1997
17
23
24
25
42
47
02/03/1997
15
30
38
46
58
59
09/03/1997
03
13
16
38
42
46
16/03/1997
05
09
18
21
36
56
23/03/1997
02
14
23
29
38
52
30/03/1997
02
07
20
35
51
59
06/04/1997
07
16
17
27
34
59
13/04/1997
12
27
30
37
44
49
20/04/1997
02
08
13
28
34
54
27/04/1997
03
14
15
20
21
38
04/05/1997
08
18
29
42
44
59
11/05/1997
06
08
13
24
31
52
18/05/1997
09
25
26
40
41
49
25/05/1997
08
12
23
50
54
60
01/06/1997
01
05
20
25
32
34
08/06/1997
12
13
15
26
33
48
15/06/1997
12
14
17
27
47
52
22/06/1997
01
03
12
13
53
59
29/06/1997
25
34
45
53
56
58
06/07/1997
17
23
27
40
43
58
13/07/1997
16
27
33
43
45
53
20/07/1997
01
19
34
43
44
48
27/07/1997
25
26
28
45
51
57
03/08/1997
02
24
34
37
38
50
10/08/1997
21
24
35
36
37
49
17/08/1997
08
17
18
23
33
53
24/08/1997
21
29
40
49
54
57
31/08/1997
12
22
25
31
32
46
07/09/1997
02
13
17
25
31
43
14/09/1997
23
28
37
40
48
51
21/09/1997
10
23
41
47
54
60
28/09/1997
15
18
29
36
51
53
05/10/1997
04
15
16
24
42
57
12/10/1997
04
06
10
25
34
40
19/10/1997
06
15
30
37
45
47
26/10/1997
06
21
22
34
36
54
02/11/1997
04
05
11
28
32
40
09/11/1997
04
18
29
37
43
45
16/11/1997
13
34
42
44
55
59
23/11/1997
09
21
26
40
52
54
30/11/1997
60
04
10
35
39
02
07/12/1997
05
23
51
03
01
24
14/12/1997
22
53
31
28
02
36
21/12/1997
28
51
55
18
52
08
28/12/1997
46
60
06
40
50
45
04/01/1998
04
42
58
26
07
40
11/01/1998
56
53
11
14
05
35
18/01/1998
43
33
14
31
35
13
25/01/1998
30
33
24
11
46
60
01/02/1998
46
48
30
14
29
51
08/02/1998
39
01
37
31
29
18
15/02/1998
44
42
37
56
19
20
22/02/1998
09
01
57
07
54
49
01/03/1998
13
01
38
21
52
04
08/03/1998
03
13
31
43
46
49
15/03/1998
24
16
38
05
39
35
22/03/1998
02
24
52
04
16
51
29/03/1998
60
29
34
24
21
59
04/04/1998
54
13
44
49
48
01
11/04/1998
57
58
18
31
43
52
18/04/1998
52
32
04
33
25
22
25/04/1998
37
43
34
20
12
42
02/05/1998
34
54
26
28
55
07
09/05/1998
47
54
18
06
12
37
16/05/1998
06
14
24
20
04
38
23/05/1998
36
42
32
05
13
51
30/05/1998
53
42
27
20
33
25
06/06/1998
22
57
37
09
25
56
13/06/1998
47
21
01
50
36
38
20/06/1998
46
45
16
40
27
03
27/06/1998
53
41
44
02
29
55
04/07/1998
20
43
39
11
53
17
11/07/1998
13
42
16
32
14
26
18/07/1998
52
05
34
57
15
41
25/07/1998
56
47
25
59
53
41
01/08/1998
32
28
06
10
11
40
08/08/1998
59
21
51
54
29
50
15/08/1998
23
43
03
21
09
18
22/08/1998
46
54
10
09
01
32
29/08/1998
13
42
38
49
53
29
05/09/1998
30
09
17
27
04
44
12/09/1998
44
35
50
41
09
07
19/09/1998
19
57
06
39
34
05
26/09/1998
60
32
25
36
52
04
03/10/1998
35
40
21
59
53
22
10/10/1998
17
25
45
38
01
59
17/10/1998
26
15
16
22
19
49
24/10/1998
41
14
37
05
40
27
31/10/1998
26
27
13
42
41
03
07/11/1998
55
31
46
44
41
07
14/11/1998
10
22
42
13
41
58
21/11/1998
20
59
19
54
15
08
28/11/1998
40
18
06
20
50
53
05/12/1998
08
32
44
36
45
55
12/12/1998
43
15
41
51
16
31
19/12/1998
51
34
25
60
42
32
24/12/1998
24
06
38
23
28
16
31/12/1998
32
55
59
41
58
35
09/01/1999
11
45
48
07
28
20
16/01/1999
50
44
12
55
52
54
23/01/1999
03
43
16
56
52
20
30/01/1999
12
05
15
51
58
29
06/02/1999
47
02
31
42
45
30
13/02/1999
08
10
24
33
45
48
20/02/1999
12
32
44
43
35
30
27/02/1999
52
23
42
17
55
49
06/03/1999
17
13
04
44
41
21
13/03/1999
58
43
51
14
17
04
20/03/1999
16
09
50
58
11
35
27/03/1999
13
42
52
58
02
54
03/04/1999
25
37
30
39
06
41
10/04/1999
23
33
51
38
48
21
17/04/1999
41
56
27
36
53
08
24/04/1999
04
19
14
10
44
28
01/05/1999
39
56
19
23
10
35
08/05/1999
60
57
59
13
12
22
15/05/1999
01
38
48
28
11
33
22/05/1999
45
02
35
09
50
31
29/05/1999
52
51
37
13
21
01
05/06/1999
07
51
55
41
58
46
12/06/1999
54
27
04
43
40
46
19/06/1999
49
36
14
26
35
10
26/06/1999
29
28
49
17
42
50
03/07/1999
11
52
22
23
36
59
10/07/1999
10
20
13
01
42
50
17/07/1999
28
04
01
45
53
03
24/07/1999
35
22
39
41
59
38
31/07/1999
05
27
19
26
15
33
07/08/1999
06
53
05
26
27
23
14/08/1999
39
06
29
60
51
23
21/08/1999
33
01
55
35
51
27
28/08/1999
46
60
05
10
28
03
04/09/1999
16
11
07
40
44
02
11/09/1999
09
60
21
16
41
34
18/09/1999
59
17
22
46
43
55
25/09/1999
24
26
51
25
14
23
02/10/1999
06
44
58
41
36
48
10/10/1999
34
42
43
46
27
17
16/10/1999
41
53
38
04
31
15
24/10/1999
32
40
42
21
10
05
31/10/1999
58
05
41
03
01
23
06/11/1999
01
60
26
41
28
54
20/11/1999
32
42
43
25
28
33
13/11/1999
12
04
11
49
43
19
27/11/1999
17
03
44
37
09
32
04/12/1999
32
17
09
14
24
07
11/12/1999
19
52
29
15
12
05
18/12/1999
40
23
01
18
35
08
24/12/1999
52
37
57
16
10
50
31/12/1999
12
15
44
34
51
19
08/01/2000
55
22
05
30
35
20
15/01/2000
49
53
44
12
24
45
22/01/2000
11
55
44
19
29
47
29/01/2000
31
41
51
39
58
29
05/02/2000
26
32
54
43
46
40
12/02/2000
20
26
56
18
34
51
19/02/2000
19
07
03
55
24
53
26/02/2000
23
15
57
24
47
25
04/03/2000
13
52
32
41
21
26
11/03/2000
37
58
20
38
48
32
18/03/2000
10
20
40
45
50
33
25/03/2000
29
57
15
45
59
06
01/04/2000
03
30
09
35
23
32
08/04/2000
30
12
06
50
35
31
15/04/2000
07
58
28
53
37
46
22/04/2000
35
42
59
18
30
14
29/04/2000
27
32
03
51
49
45
06/05/2000
54
40
42
17
47
12
13/05/2000
26
23
49
28
42
36
20/05/2000
36
53
55
13
60
14
27/05/2000
54
13
58
43
50
27
03/06/2000
05
48
30
55
52
19
10/06/2000
28
24
22
02
58
06
17/06/2000
20
16
18
07
44
21
24/06/2000
21
16
04
37
02
58
01/07/2000
02
50
59
38
49
01
08/07/2000
37
26
27
42
11
48
15/07/2000
16
40
45
59
43
13
22/07/2000
39
45
11
21
33
13
29/07/2000
56
44
41
40
08
53
05/08/2000
16
59
27
42
44
36
12/08/2000
29
19
41
22
37
59
19/08/2000
45
03
24
36
07
32
26/08/2000
15
45
54
25
42
41
02/09/2000
29
41
55
02
31
22
09/09/2000
10
52
50
57
25
60
16/09/2000
36
07
45
31
56
57
23/09/2000
15
09
41
13
37
42
30/09/2000
33
21
44
46
47
06
07/10/2000
59
28
25
41
57
38
14/10/2000
11
57
40
35
56
31
21/10/2000
22
07
04
21
28
56
28/10/2000
20
47
23
32
16
11
04/11/2000
19
60
50
24
47
33
11/11/2000
44
51
27
53
08
60
18/11/2000
02
57
32
43
16
37
25/11/2000
34
03
30
10
23
46
02/12/2000
56
16
34
41
35
32
09/12/2000
21
55
54
40
36
49
16/12/2000
55
25
41
42
43
07
23/12/2000
34
15
23
55
49
30
30/12/2000
17
54
04
51
32
26
06/01/2001
12
11
56
44
24
37
13/01/2001
04
30
56
21
22
01
20/01/2001
32
44
55
19
20
16
27/01/2001
21
52
34
26
02
32
03/02/2001
28
05
01
34
04
19
10/02/2001
12
60
54
07
55
50
17/02/2001
20
43
33
13
15
58
24/02/2001
43
04
60
59
06
33
03/03/2001
05
54
20
56
30
16
10/03/2001
53
60
48
20
58
11
17/03/2001
08
50
26
09
53
43
24/03/2001
05
25
31
13
01
33
31/03/2001
07
50
53
16
41
34
07/04/2001
38
54
48
23
02
46
14/04/2001
58
01
45
55
08
46
21/04/2001
21
10
47
06
05
33
28/04/2001
19
18
52
25
17
49
05/05/2001
45
27
35
40
05
09
12/05/2001
14
31
54
29
26
24
19/05/2001
36
58
09
10
56
24
26/05/2001
47
52
10
27
23
17
02/06/2001
11
39
47
18
13
26
09/06/2001
16
30
19
38
48
37
16/06/2001
53
59
39
45
22
57
23/06/2001
40
26
38
04
56
52
30/06/2001
22
10
18
55
15
31
07/07/2001
31
59
04
58
23
47
14/07/2001
05
16
30
25
58
20
21/07/2001
11
05
47
31
53
38
28/07/2001
33
24
36
09
14
23
01/08/2001
48
34
28
54
25
42
04/08/2001
08
36
14
32
30
07
08/08/2001
50
56
41
12
32
37
11/08/2001
44
37
56
29
47
35
15/08/2001
60
47
03
33
25
13
18/08/2001
50
09
18
11
06
17
22/08/2001
36
06
30
20
07
25
25/08/2001
57
30
07
25
40
26
29/08/2001
22
16
05
41
18
17
01/09/2001
24
34
53
45
23
13
05/09/2001
06
12
35
05
28
07
08/09/2001
28
45
41
22
57
25
12/09/2001
24
44
07
31
12
50
15/09/2001
20
51
42
03
52
46
19/09/2001
20
28
41
01
33
36
22/09/2001
22
34
24
23
05
60
26/09/2001
07
05
02
53
33
49
29/09/2001
27
57
41
38
28
24
03/10/2001
58
26
49
57
48
09
06/10/2001
25
40
12
60
30
41
10/10/2001
07
13
30
37
47
17
13/10/2001
42
07
11
34
59
41
17/10/2001
11
05
27
60
38
53
20/10/2001
30
19
57
41
56
47
24/10/2001
26
17
13
41
16
44
27/10/2001
55
25
04
11
29
39
31/10/2001
39
50
25
55
11
04
03/11/2001
28
14
29
02
31
32
07/11/2001
32
22
24
41
30
38
10/11/2001
14
30
50
41
47
23
14/11/2001
14
38
53
24
16
37
17/11/2001
05
32
40
58
37
34
21/11/2001
50
21
43
12
28
22
24/11/2001
28
51
56
06
24
43
28/11/2001
27
20
48
16
30
35
01/12/2001
19
53
40
03
31
20
05/12/2001
12
16
23
17
19
48
08/12/2001
20
53
47
50
22
27
12/12/2001
11
31
32
48
49
04
15/12/2001
18
11
29
44
47
56
19/12/2001
31
49
54
33
26
40
22/12/2001
22
08
30
15
47
25
29/12/2001
04
23
03
01
21
53
05/01/2002
52
23
40
51
44
21
09/01/2002
46
38
29
33
32
48
12/01/2002
51
05
23
07
14
21
16/01/2002
24
11
40
12
35
10
19/01/2002
02
04
23
37
14
51
23/01/2002
27
01
35
20
37
13
26/01/2002
28
23
42
29
44
34
30/01/2002
35
27
53
44
52
04
02/02/2002
41
26
51
14
24
23
06/02/2002
43
33
57
23
59
07
09/02/2002
02
18
54
22
30
26
16/02/2002
31
52
14
54
16
04
20/02/2002
48
46
09
01
36
04
23/02/2002
13
16
12
05
27
50
27/02/2002
10
60
42
09
33
12
02/03/2002
56
23
22
43
16
05
06/03/2002
29
49
54
51
16
34
09/03/2002
04
06
07
24
12
41
13/03/2002
33
36
12
35
10
14
16/03/2002
56
11
58
46
51
22
20/03/2002
56
07
46
60
41
12
23/03/2002
26
10
52
01
12
48
27/03/2002
39
40
33
52
19
30
30/03/2002
09
38
32
08
54
28
03/04/2002
23
30
43
10
15
57
06/04/2002
15
16
59
60
24
41
10/04/2002
49
07
47
25
20
44
13/04/2002
60
46
30
55
23
19
17/04/2002
40
52
38
16
07
41
20/04/2002
02
37
22
60
14
23
24/04/2002
54
19
05
58
56
21
27/04/2002
45
53
32
02
30
35
04/05/2002
40
42
32
12
21
17
08/05/2002
31
54
20
29
13
19
11/05/2002
47
24
29
55
53
23
15/05/2002
41
28
45
31
16
59
18/05/2002
37
20
33
46
07
56
22/05/2002
39
54
29
49
47
19
25/05/2002
59
44
29
05
51
57
29/05/2002
52
19
34
37
58
23
01/06/2002
06
04
51
07
21
15
05/06/2002
52
49
27
33
12
10
08/06/2002
13
50
38
32
44
29
12/06/2002
21
42
01
60
35
14
15/06/2002
51
42
04
54
01
40
19/06/2002
23
33
39
04
60
18
22/06/2002
24
17
46
57
16
39
26/06/2002
31
33
24
10
05
01
29/06/2002
54
02
26
05
44
16
03/07/2002
51
09
42
05
58
01
06/07/2002
25
13
10
43
35
48
10/07/2002
46
19
03
45
12
27
13/07/2002
55
45
48
41
05
38
17/07/2002
41
55
24
59
33
40
20/07/2002
47
22
13
30
31
57
24/07/2002
09
56
46
28
10
55
27/07/2002
54
38
53
31
37
34
31/07/2002
48
22
53
56
50
14
03/08/2002
28
50
47
24
40
52
07/08/2002
22
12
24
18
05
16
10/08/2002
39
54
43
36
17
35
14/08/2002
29
28
48
47
43
22
17/08/2002
52
48
53
58
23
36
21/08/2002
46
14
54
18
43
05
24/08/2002
07
22
34
12
38
53
28/08/2002
07
15
35
16
40
04
31/08/2002
49
47
39
31
15
23
04/09/2002
12
50
36
06
35
40
07/09/2002
15
49
42
05
45
35
11/09/2002
11
58
31
14
10
20
14/09/2002
47
18
06
45
34
42
18/09/2002
32
24
02
05
01
46
21/09/2002
28
07
16
37
36
22
25/09/2002
59
55
16
27
47
11
28/09/2002
29
59
13
10
54
28
02/10/2002
50
18
44
53
11
43
05/10/2002
27
43
58
05
16
56
09/10/2002
46
31
07
16
60
27
12/10/2002
24
38
58
01
40
28
16/10/2002
57
60
34
24
29
47
19/10/2002
47
32
48
12
38
02
23/10/2002
49
02
18
51
22
57
26/10/2002
49
44
33
28
56
14
30/10/2002
26
49
25
18
31
34
02/11/2002
31
55
36
24
08
38
06/11/2002
10
56
12
31
45
38
09/11/2002
45
05
14
21
59
12
13/11/2002
35
53
29
33
02
04
16/11/2002
35
26
58
52
45
16
20/11/2002
38
44
04
01
27
42
23/11/2002
13
01
23
56
54
33
27/11/2002
25
07
12
21
42
34
30/11/2002
45
08
32
49
15
52
04/12/2002
41
42
52
53
16
09
07/12/2002
43
12
59
30
57
29
11/12/2002
38
45
35
37
05
51
14/12/2002
60
12
56
37
55
43
18/12/2002
08
22
33
40
32
53
21/12/2002
29
36
27
18
59
46
28/12/2002
06
16
10
34
47
42
04/01/2003
07
32
54
50
30
37
08/01/2003
51
13
43
24
03
14
11/01/2003
60
08
32
28
46
30
15/01/2003
55
32
17
36
26
43
18/01/2003
50
21
10
25
38
08
22/01/2003
58
26
40
37
47
52
25/01/2003
50
17
13
27
04
39
29/01/2003
36
17
28
16
54
30
01/02/2003
24
17
04
54
30
10
05/02/2003
37
11
17
31
43
10
08/02/2003
01
06
57
29
48
07
12/02/2003
54
10
59
44
30
07
15/02/2003
38
48
14
03
11
05
19/02/2003
42
13
20
29
43
57
22/02/2003
46
23
30
47
05
03
26/02/2003
02
15
58
10
59
21
01/03/2003
15
31
23
06
59
37
08/03/2003
11
36
17
26
52
48
12/03/2003
48
52
57
24
03
33
15/03/2003
31
50
07
53
32
20
19/03/2003
11
20
08
47
12
17
22/03/2003
24
55
15
33
25
42
26/03/2003
05
03
52
45
09
51
29/03/2003
34
56
24
01
49
08
02/04/2003
59
51
13
01
09
50
05/04/2003
23
18
31
17
53
28
09/04/2003
54
11
51
16
36
30
12/04/2003
58
52
08
34
20
23
16/04/2003
04
17
42
56
46
24
19/04/2003
50
15
17
02
14
59
23/04/2003
17
40
22
27
33
03
26/04/2003
48
15
24
27
17
32
30/04/2003
43
53
13
32
34
24
03/05/2003
43
17
08
15
49
39
07/05/2003
19
55
30
23
37
49
10/05/2003
30
17
20
29
15
60
14/05/2003
27
48
17
19
26
22
17/05/2003
07
18
02
45
03
53
21/05/2003
06
33
45
38
24
50
24/05/2003
46
31
01
57
22
51
28/05/2003
28
16
45
29
30
11
31/05/2003
38
21
08
22
18
60
04/06/2003
23
06
25
39
51
05
07/06/2003
29
47
42
21
13
26
11/06/2003
51
58
23
11
08
37
14/06/2003
51
59
31
05
36
32
18/06/2003
12
03
38
29
51
04
21/06/2003
51
07
58
49
23
41
25/06/2003
34
03
12
50
32
40
28/06/2003
19
06
43
52
08
22
02/07/2003
38
43
20
55
17
58
05/07/2003
47
34
08
06
18
38
09/07/2003
30
08
31
03
21
25
12/07/2003
20
54
58
26
41
46
16/07/2003
36
38
33
14
49
41
19/07/2003
42
06
24
44
22
13
23/07/2003
13
56
12
33
53
54
26/07/2003
16
23
35
18
44
59
30/07/2003
53
19
38
18
17
49
02/08/2003
38
28
52
30
19
57
06/08/2003
50
42
19
08
30
14
09/08/2003
25
22
48
52
54
08
13/08/2003
30
39
35
43
15
57
16/08/2003
28
36
17
53
33
59
20/08/2003
05
11
29
54
23
58
23/08/2003
22
43
15
55
09
01
27/08/2003
57
02
15
06
56
18
30/08/2003
54
20
03
18
42
24
03/09/2003
28
32
49
53
18
20
06/09/2003
36
15
60
08
29
49
10/09/2003
41
20
19
29
59
10
13/09/2003
09
41
32
13
58
20
17/09/2003
49
28
02
06
57
50
20/09/2003
59
01
11
05
44
04
27/09/2003
35
21
54
29
38
36
01/10/2003
34
27
56
28
16
39
04/10/2003
50
07
33
21
24
13
08/10/2003
10
21
48
27
49
07
11/10/2003
39
19
11
08
50
30
15/10/2003
47
20
52
03
46
28
18/10/2003
31
37
34
15
38
04
22/10/2003
44
58
05
27
33
03
25/10/2003
46
56
05
15
45
10
29/10/2003
32
55
34
35
28
33
01/11/2003
30
45
58
01
04
41
05/11/2003
08
36
34
37
03
04
08/11/2003
08
40
58
04
53
31
12/11/2003
46
10
27
19
33
39
15/11/2003
15
52
40
36
51
42
19/11/2003
39
16
57
15
45
48
22/11/2003
24
05
34
13
35
33
26/11/2003
51
32
08
28
38
07
29/11/2003
44
08
05
15
18
10
03/12/2003
09
36
15
19
42
22
06/12/2003
32
34
17
35
09
12
10/12/2003
28
32
38
25
15
45
13/12/2003
49
52
15
25
14
06
17/12/2003
45
58
40
39
28
44
20/12/2003
47
29
34
48
19
41
27/12/2003
26
32
24
49
08
10
03/01/2004
03
59
21
36
55
31
07/01/2004
17
14
50
52
06
26
10/01/2004
34
28
37
12
08
31
14/01/2004
56
45
13
33
38
01
17/01/2004
32
21
25
01
06
49
21/01/2004
03
01
35
07
18
50
24/01/2004
13
04
12
53
09
52
28/01/2004
27
18
13
59
21
53
31/01/2004
48
57
23
08
31
03
04/02/2004
49
14
47
56
06
28
07/02/2004
14
22
25
15
37
23
11/02/2004
37
03
19
34
39
07
14/02/2004
45
43
56
25
52
03
18/02/2004
16
50
55
06
47
19
21/02/2004
22
04
30
44
28
49
28/02/2004
58
57
27
13
49
52
03/03/2004
49
04
19
28
35
06
06/03/2004
35
54
37
42
49
46
10/03/2004
11
33
56
47
17
34
13/03/2004
43
35
57
29
40
17
17/03/2004
46
04
54
17
13
05
20/03/2004
04
59
13
53
28
30
24/03/2004
51
49
14
47
59
58
27/03/2004
13
51
58
22
46
08
31/03/2004
17
56
16
38
39
45
03/04/2004
56
48
57
21
12
46
07/04/2004
22
54
52
47
49
09
10/04/2004
43
46
58
53
54
04
14/04/2004
47
29
31
15
60
42
17/04/2004
49
05
23
33
45
31
21/04/2004
08
45
30
33
17
10
24/04/2004
18
49
38
23
08
12
28/04/2004
59
57
07
58
31
14
